000000000000000011001000001110000100100100100100
010100000000000011010000000101100100100000100100
000101001100100000000000100000000010100111010000
000000100010000100000110101000011010001000010001
001010000000010000000101011100110000011000000010
010000010000000000101000000111000000000100001110
100000001000000010110000000001000111000011000100
100101000000101000000010011000001010000011100001
001000000000101100000010011000101110000000011001
001000000011000000000101001000110001010100001010
000000010000010001010000100011000001000100100010
010001000100000010110000010001000100101001100100
100101101000000100000000010100001000100011011000
000010100000001000000011100000011001010000011001
001010010001000000001100000010110011011000100000
000000010001010010001000000110000101001000100011
